#=====================================================
# File created:        Tue-29-Oct-2024-at-02-02-34PM
# Size of lattice:     50x50
# Number of MC steps:  200
# Reduced temperature: 0.500
# Run time (s):        0.141373
#=====================================================
# MC step:  Ratio:     Energy:   Order:
#=====================================================
   00000    0.5000   -2555.9813  0.2615 
   00001    0.6868   -3843.8598  0.2717 
   00002    0.6240   -4647.6308  0.2746 
   00003    0.5664   -5161.3962  0.2725 
   00004    0.5540   -5526.6678  0.2715 
   00005    0.5328   -5824.2563  0.2783 
   00006    0.5140   -6103.1512  0.2816 
   00007    0.4932   -6347.2975  0.2868 
   00008    0.4996   -6534.1633  0.2874 
   00009    0.4780   -6691.8843  0.2883 
   00010    0.4840   -6849.8420  0.2923 
   00011    0.4716   -6971.9438  0.2954 
   00012    0.4876   -7102.0970  0.2998 
   00013    0.4760   -7217.7260  0.3031 
   00014    0.4644   -7288.8639  0.3046 
   00015    0.4520   -7381.0605  0.3002 
   00016    0.4572   -7392.8232  0.3007 
   00017    0.4392   -7442.1592  0.3040 
   00018    0.4472   -7523.0354  0.3056 
   00019    0.4456   -7564.8996  0.2976 
   00020    0.4476   -7601.0122  0.3075 
   00021    0.4444   -7645.3373  0.3082 
   00022    0.4520   -7699.5601  0.3062 
   00023    0.4484   -7772.7390  0.2997 
   00024    0.4356   -7794.9464  0.3019 
   00025    0.4364   -7780.5309  0.3071 
   00026    0.4600   -7807.2292  0.3085 
   00027    0.4340   -7830.6335  0.3094 
   00028    0.4340   -7873.3831  0.3063 
   00029    0.4320   -7923.5794  0.3049 
   00030    0.4276   -7888.7881  0.3049 
   00031    0.4364   -7922.7328  0.3059 
   00032    0.4280   -7976.0014  0.3038 
   00033    0.4332   -7977.2259  0.3061 
   00034    0.4424   -7921.7725  0.3072 
   00035    0.4452   -7994.1457  0.3051 
   00036    0.4296   -8017.3275  0.3044 
   00037    0.4400   -8021.5446  0.3029 
   00038    0.4312   -8028.2813  0.2984 
   00039    0.4204   -8020.4896  0.3012 
   00040    0.4276   -8069.3636  0.2994 
   00041    0.4104   -8079.9188  0.3011 
   00042    0.4268   -8117.3718  0.2961 
   00043    0.4180   -8128.6255  0.2952 
   00044    0.4284   -8094.1854  0.2898 
   00045    0.4320   -8078.5775  0.2938 
   00046    0.4344   -8087.3419  0.2949 
   00047    0.4348   -8078.0440  0.2928 
   00048    0.4292   -8044.7852  0.2959 
   00049    0.4308   -8073.3491  0.2967 
   00050    0.4136   -8097.2708  0.2925 
   00051    0.4236   -8192.3542  0.2942 
   00052    0.4216   -8145.4372  0.2931 
   00053    0.4360   -8166.8516  0.2980 
   00054    0.4396   -8150.8440  0.3054 
   00055    0.4288   -8227.6308  0.3111 
   00056    0.4332   -8194.5302  0.3064 
   00057    0.4356   -8128.5956  0.3060 
   00058    0.4216   -8118.6771  0.2965 
   00059    0.4216   -8108.1392  0.2919 
   00060    0.4296   -8130.2766  0.2912 
   00061    0.4224   -8177.3772  0.2960 
   00062    0.4172   -8191.1332  0.2986 
   00063    0.4268   -8137.0998  0.2967 
   00064    0.4380   -8192.7542  0.2912 
   00065    0.4328   -8205.9548  0.2955 
   00066    0.4180   -8202.8977  0.2926 
   00067    0.4272   -8202.1738  0.2944 
   00068    0.4088   -8244.3630  0.3036 
   00069    0.4336   -8242.6636  0.3067 
   00070    0.4452   -8226.4033  0.3061 
   00071    0.4220   -8213.4827  0.3056 
   00072    0.4428   -8245.8198  0.3192 
   00073    0.4296   -8259.8304  0.3115 
   00074    0.4356   -8264.4569  0.3210 
   00075    0.4284   -8275.0942  0.3142 
   00076    0.4028   -8319.9653  0.3063 
   00077    0.4192   -8319.5767  0.3073 
   00078    0.4228   -8332.6893  0.3142 
   00079    0.4284   -8297.8745  0.3215 
   00080    0.4212   -8291.5580  0.3268 
   00081    0.4020   -8304.0002  0.3325 
   00082    0.4220   -8335.0240  0.3283 
   00083    0.4152   -8302.4754  0.3279 
   00084    0.4132   -8320.9187  0.3315 
   00085    0.4316   -8282.1675  0.3287 
   00086    0.4348   -8296.0255  0.3268 
   00087    0.4160   -8317.1970  0.3229 
   00088    0.4204   -8326.6917  0.3249 
   00089    0.4088   -8292.1216  0.3171 
   00090    0.4152   -8329.1186  0.3163 
   00091    0.4280   -8307.8506  0.3228 
   00092    0.4152   -8281.5721  0.3235 
   00093    0.4200   -8312.0912  0.3263 
   00094    0.4252   -8290.7737  0.3227 
   00095    0.4152   -8296.8756  0.3262 
   00096    0.4156   -8291.7541  0.3244 
   00097    0.4104   -8250.0660  0.3292 
   00098    0.4112   -8209.0152  0.3280 
   00099    0.4396   -8251.3024  0.3279 
   00100    0.4284   -8264.6785  0.3279 
   00101    0.4276   -8261.8895  0.3296 
   00102    0.4188   -8312.6261  0.3385 
   00103    0.4160   -8363.1681  0.3382 
   00104    0.4304   -8405.0880  0.3451 
   00105    0.3916   -8420.7973  0.3481 
   00106    0.4000   -8451.6816  0.3491 
   00107    0.4156   -8366.1145  0.3530 
   00108    0.4100   -8341.4308  0.3491 
   00109    0.3988   -8303.5952  0.3438 
   00110    0.4184   -8306.5701  0.3398 
   00111    0.4248   -8338.4365  0.3430 
   00112    0.4132   -8286.0492  0.3416 
   00113    0.4336   -8345.8593  0.3461 
   00114    0.4108   -8306.1035  0.3522 
   00115    0.4112   -8323.8035  0.3530 
   00116    0.4132   -8322.9383  0.3561 
   00117    0.3968   -8321.1667  0.3528 
   00118    0.4152   -8290.9081  0.3553 
   00119    0.4100   -8280.7029  0.3485 
   00120    0.4116   -8311.5846  0.3518 
   00121    0.4116   -8353.5657  0.3525 
   00122    0.4216   -8371.9812  0.3460 
   00123    0.4200   -8354.7537  0.3490 
   00124    0.4204   -8345.1949  0.3487 
   00125    0.4060   -8319.7055  0.3495 
   00126    0.4404   -8307.4932  0.3555 
   00127    0.4352   -8317.0218  0.3572 
   00128    0.4224   -8359.8640  0.3543 
   00129    0.4288   -8349.3999  0.3525 
   00130    0.4212   -8326.0715  0.3514 
   00131    0.4076   -8339.4932  0.3446 
   00132    0.4332   -8377.7604  0.3457 
   00133    0.4276   -8379.8901  0.3459 
   00134    0.4056   -8376.0327  0.3487 
   00135    0.4044   -8408.5219  0.3570 
   00136    0.4184   -8431.6922  0.3556 
   00137    0.4176   -8397.9373  0.3508 
   00138    0.4180   -8336.2697  0.3482 
   00139    0.4004   -8329.2901  0.3518 
   00140    0.4000   -8347.4397  0.3469 
   00141    0.4360   -8362.4434  0.3515 
   00142    0.4304   -8351.0538  0.3519 
   00143    0.4048   -8394.2506  0.3529 
   00144    0.4160   -8432.8355  0.3543 
   00145    0.4188   -8400.2930  0.3499 
   00146    0.4116   -8394.7713  0.3519 
   00147    0.3908   -8420.4362  0.3512 
   00148    0.4192   -8482.4593  0.3485 
   00149    0.4096   -8472.0491  0.3541 
   00150    0.4088   -8472.1999  0.3546 
   00151    0.4232   -8468.3628  0.3542 
   00152    0.4244   -8458.5851  0.3546 
   00153    0.4248   -8433.2281  0.3543 
   00154    0.4204   -8420.4586  0.3482 
   00155    0.4088   -8445.4785  0.3508 
   00156    0.4120   -8468.2701  0.3467 
   00157    0.4008   -8463.3724  0.3456 
   00158    0.4156   -8444.4268  0.3371 
   00159    0.4180   -8476.6502  0.3323 
   00160    0.4264   -8476.4713  0.3375 
   00161    0.4104   -8440.7132  0.3375 
   00162    0.4280   -8422.4629  0.3407 
   00163    0.4332   -8428.7119  0.3397 
   00164    0.4056   -8394.4778  0.3457 
   00165    0.3908   -8355.0400  0.3444 
   00166    0.4132   -8345.1211  0.3419 
   00167    0.4112   -8362.1876  0.3417 
   00168    0.4252   -8366.7610  0.3458 
   00169    0.4328   -8356.2868  0.3452 
   00170    0.4112   -8336.9791  0.3465 
   00171    0.4144   -8308.1063  0.3465 
   00172    0.4144   -8363.5903  0.3388 
   00173    0.4152   -8374.7773  0.3353 
   00174    0.4056   -8388.1464  0.3335 
   00175    0.4064   -8393.2164  0.3367 
   00176    0.4156   -8420.6622  0.3376 
   00177    0.4336   -8387.4362  0.3458 
   00178    0.3996   -8357.8431  0.3510 
   00179    0.4192   -8415.0879  0.3570 
   00180    0.4176   -8412.4205  0.3593 
   00181    0.4172   -8439.9536  0.3599 
   00182    0.4152   -8437.3489  0.3637 
   00183    0.4136   -8443.4375  0.3622 
   00184    0.4128   -8429.0996  0.3678 
   00185    0.4032   -8466.5061  0.3721 
   00186    0.4008   -8412.2284  0.3697 
   00187    0.4064   -8438.4956  0.3717 
   00188    0.4144   -8423.0438  0.3686 
   00189    0.4248   -8407.1714  0.3757 
   00190    0.4240   -8395.0213  0.3770 
   00191    0.4172   -8412.7295  0.3746 
   00192    0.4208   -8468.0079  0.3777 
   00193    0.4156   -8462.1863  0.3874 
   00194    0.4112   -8465.9973  0.3896 
   00195    0.4100   -8475.3916  0.3891 
   00196    0.4096   -8477.4363  0.3858 
   00197    0.4172   -8509.9261  0.3908 
   00198    0.4264   -8481.6010  0.3960 
   00199    0.4204   -8487.6698  0.3922 
   00200    0.4324   -8462.1389  0.3909 
