#=====================================================
# File created:        Tue-29-Oct-2024-at-02-19-08PM
# Size of lattice:     50x50
# Number of MC steps:  200
# Reduced temperature: 0.500
# Run time (s):        0.157297
#=====================================================
# MC step:  Ratio:     Energy:   Order:
#=====================================================
   00000    0.5000   -2596.1935  0.2651 
   00001    0.6680   -3779.3605  0.2655 
   00002    0.6312   -4619.2614  0.2598 
   00003    0.5924   -5178.1153  0.2685 
   00004    0.5580   -5565.9929  0.2683 
   00005    0.5504   -5856.3998  0.2718 
   00006    0.5144   -6180.1560  0.2692 
   00007    0.5108   -6400.9039  0.2732 
   00008    0.4936   -6605.5564  0.2712 
   00009    0.4968   -6799.6612  0.2702 
   00010    0.4720   -6860.6898  0.2666 
   00011    0.4512   -7015.8259  0.2660 
   00012    0.4688   -7119.8041  0.2656 
   00013    0.4560   -7202.9152  0.2670 
   00014    0.4704   -7300.8274  0.2622 
   00015    0.4720   -7384.9294  0.2602 
   00016    0.4516   -7440.7785  0.2612 
   00017    0.4304   -7481.3523  0.2640 
   00018    0.4376   -7545.0158  0.2563 
   00019    0.4252   -7600.1237  0.2531 
   00020    0.4556   -7646.4143  0.2526 
   00021    0.4424   -7636.5570  0.2556 
   00022    0.4416   -7680.1900  0.2526 
   00023    0.4368   -7764.0922  0.2542 
   00024    0.4436   -7772.9096  0.2599 
   00025    0.4396   -7780.1892  0.2707 
   00026    0.4244   -7812.4314  0.2662 
   00027    0.4536   -7852.5602  0.2625 
   00028    0.4444   -7854.2490  0.2593 
   00029    0.4416   -7867.9996  0.2630 
   00030    0.4320   -7891.1174  0.2607 
   00031    0.4576   -7929.0759  0.2649 
   00032    0.4324   -7959.4169  0.2637 
   00033    0.4368   -7967.3771  0.2658 
   00034    0.4300   -7989.8592  0.2667 
   00035    0.4344   -8006.2171  0.2661 
   00036    0.4432   -7994.2638  0.2704 
   00037    0.4252   -8028.6406  0.2677 
   00038    0.4144   -8048.6471  0.2709 
   00039    0.4352   -8020.7335  0.2688 
   00040    0.4420   -8060.6135  0.2718 
   00041    0.4256   -8044.9370  0.2710 
   00042    0.4008   -8062.1081  0.2667 
   00043    0.4132   -8058.4067  0.2683 
   00044    0.4316   -8034.5374  0.2723 
   00045    0.4320   -8056.3218  0.2732 
   00046    0.4432   -8038.2942  0.2764 
   00047    0.4256   -8044.9518  0.2757 
   00048    0.4440   -8051.9439  0.2796 
   00049    0.4416   -8037.5257  0.2833 
   00050    0.4312   -8061.0143  0.2841 
   00051    0.4312   -8082.9056  0.2895 
   00052    0.4188   -8102.8483  0.2899 
   00053    0.4376   -8105.6632  0.2900 
   00054    0.4168   -8099.2889  0.2897 
   00055    0.4152   -8082.6582  0.2847 
   00056    0.4320   -8087.3165  0.2880 
   00057    0.4252   -8170.1859  0.2910 
   00058    0.4220   -8173.3171  0.2914 
   00059    0.4232   -8207.9734  0.2834 
   00060    0.4212   -8161.7466  0.2817 
   00061    0.4280   -8195.8782  0.2818 
   00062    0.4144   -8207.4741  0.2773 
   00063    0.4108   -8201.8800  0.2780 
   00064    0.4276   -8204.2720  0.2747 
   00065    0.4056   -8206.5382  0.2757 
   00066    0.4332   -8185.7015  0.2743 
   00067    0.4124   -8150.6056  0.2701 
   00068    0.4276   -8142.2390  0.2716 
   00069    0.4148   -8242.4148  0.2752 
   00070    0.4196   -8227.5779  0.2725 
   00071    0.4052   -8239.9132  0.2727 
   00072    0.4128   -8210.1580  0.2729 
   00073    0.4244   -8190.4223  0.2800 
   00074    0.4180   -8213.8766  0.2863 
   00075    0.4260   -8226.4127  0.2889 
   00076    0.4320   -8224.6450  0.2897 
   00077    0.4164   -8218.3848  0.2904 
   00078    0.4380   -8181.4482  0.2949 
   00079    0.4308   -8147.3941  0.2934 
   00080    0.4204   -8241.2548  0.2967 
   00081    0.4152   -8235.9486  0.2970 
   00082    0.4324   -8256.7085  0.2939 
   00083    0.4240   -8251.0297  0.3018 
   00084    0.4120   -8309.7647  0.3021 
   00085    0.4072   -8309.6521  0.3005 
   00086    0.4048   -8315.4191  0.2992 
   00087    0.4132   -8286.0217  0.2960 
   00088    0.4016   -8266.9500  0.3038 
   00089    0.4172   -8267.1471  0.3049 
   00090    0.4076   -8248.2034  0.3095 
   00091    0.4376   -8225.8354  0.3168 
   00092    0.4200   -8249.1214  0.3182 
   00093    0.4204   -8220.8655  0.3175 
   00094    0.4108   -8276.6108  0.3179 
   00095    0.4212   -8319.1318  0.3182 
   00096    0.4240   -8307.5800  0.3165 
   00097    0.4288   -8309.6363  0.3193 
   00098    0.4184   -8331.9323  0.3231 
   00099    0.3968   -8314.0380  0.3158 
   00100    0.4336   -8307.8171  0.3191 
   00101    0.4120   -8266.9158  0.3180 
   00102    0.4144   -8273.5868  0.3198 
   00103    0.4092   -8273.5889  0.3199 
   00104    0.4092   -8249.6229  0.3188 
   00105    0.4440   -8258.2808  0.3146 
   00106    0.4220   -8269.3777  0.3180 
   00107    0.4240   -8253.5789  0.3185 
   00108    0.4096   -8258.4672  0.3164 
   00109    0.4136   -8325.3290  0.3233 
   00110    0.4120   -8265.9608  0.3249 
   00111    0.4292   -8286.1322  0.3296 
   00112    0.4280   -8257.9416  0.3390 
   00113    0.4308   -8211.8096  0.3411 
   00114    0.4120   -8251.1860  0.3427 
   00115    0.4244   -8234.6913  0.3471 
   00116    0.4268   -8253.2765  0.3421 
   00117    0.4336   -8174.7290  0.3471 
   00118    0.4172   -8220.2993  0.3521 
   00119    0.4196   -8268.1456  0.3541 
   00120    0.4308   -8265.4281  0.3564 
   00121    0.4160   -8333.5664  0.3597 
   00122    0.4132   -8308.2961  0.3614 
   00123    0.4220   -8291.7471  0.3645 
   00124    0.4148   -8280.3166  0.3542 
   00125    0.4156   -8316.7381  0.3547 
   00126    0.4080   -8344.7698  0.3585 
   00127    0.4316   -8330.9975  0.3582 
   00128    0.4352   -8297.4634  0.3636 
   00129    0.4064   -8326.4821  0.3642 
   00130    0.4128   -8352.0057  0.3597 
   00131    0.4268   -8305.3230  0.3584 
   00132    0.4324   -8309.2690  0.3545 
   00133    0.4008   -8347.3463  0.3623 
   00134    0.4032   -8303.4362  0.3602 
   00135    0.4040   -8314.2212  0.3539 
   00136    0.4256   -8331.5944  0.3467 
   00137    0.4360   -8316.0919  0.3436 
   00138    0.4208   -8332.8512  0.3447 
   00139    0.4176   -8285.8169  0.3457 
   00140    0.4204   -8318.9138  0.3468 
   00141    0.4192   -8295.8777  0.3474 
   00142    0.4120   -8298.9308  0.3489 
   00143    0.4236   -8352.6542  0.3497 
   00144    0.4192   -8342.7010  0.3462 
   00145    0.4308   -8346.1080  0.3477 
   00146    0.4204   -8304.8017  0.3474 
   00147    0.4208   -8315.3487  0.3483 
   00148    0.4188   -8329.1227  0.3487 
   00149    0.4176   -8283.8061  0.3575 
   00150    0.4016   -8286.5581  0.3521 
   00151    0.4028   -8328.9787  0.3531 
   00152    0.4252   -8349.7687  0.3553 
   00153    0.4100   -8328.3867  0.3552 
   00154    0.4052   -8357.8291  0.3592 
   00155    0.4040   -8371.8410  0.3571 
   00156    0.4112   -8358.8947  0.3656 
   00157    0.4340   -8351.0909  0.3641 
   00158    0.4256   -8397.4704  0.3614 
   00159    0.4264   -8387.0882  0.3616 
   00160    0.4104   -8420.0955  0.3514 
   00161    0.4268   -8392.6392  0.3474 
   00162    0.4404   -8384.3533  0.3406 
   00163    0.4376   -8361.2013  0.3400 
   00164    0.4188   -8391.9754  0.3451 
   00165    0.4164   -8369.5217  0.3444 
   00166    0.3972   -8378.6053  0.3421 
   00167    0.4088   -8390.3845  0.3398 
   00168    0.4232   -8388.1542  0.3415 
   00169    0.4328   -8338.3910  0.3393 
   00170    0.4172   -8366.7047  0.3380 
   00171    0.4220   -8341.8600  0.3408 
   00172    0.4204   -8357.0391  0.3421 
   00173    0.4176   -8370.3283  0.3443 
   00174    0.4112   -8368.6144  0.3400 
   00175    0.4236   -8351.2632  0.3426 
   00176    0.4164   -8376.6886  0.3497 
   00177    0.4180   -8383.7461  0.3506 
   00178    0.4168   -8355.1507  0.3487 
   00179    0.4244   -8350.8059  0.3516 
   00180    0.4292   -8388.4689  0.3552 
   00181    0.4048   -8366.4938  0.3522 
   00182    0.4160   -8333.8591  0.3516 
   00183    0.3860   -8324.4312  0.3521 
   00184    0.4264   -8368.0192  0.3589 
   00185    0.4300   -8359.6767  0.3607 
   00186    0.4336   -8347.6886  0.3572 
   00187    0.3988   -8308.2224  0.3536 
   00188    0.4236   -8318.6517  0.3563 
   00189    0.4364   -8303.1553  0.3473 
   00190    0.4164   -8290.9064  0.3512 
   00191    0.3952   -8337.9566  0.3449 
   00192    0.4108   -8314.4680  0.3511 
   00193    0.4228   -8271.7121  0.3454 
   00194    0.4100   -8304.8986  0.3435 
   00195    0.4240   -8286.1850  0.3361 
   00196    0.4208   -8296.6804  0.3348 
   00197    0.4288   -8287.4230  0.3384 
   00198    0.4104   -8345.0505  0.3396 
   00199    0.4016   -8317.4987  0.3463 
   00200    0.4268   -8326.3900  0.3447 
