#=====================================================
# File created:        Tue-29-Oct-2024-at-02-01-33PM
# Size of lattice:     50x50
# Number of MC steps:  200
# Reduced temperature: 0.500
# Run time (s):        0.128070
#=====================================================
# MC step:  Ratio:     Energy:   Order:
#=====================================================
   00000    0.5000   -2530.0868  0.2536 
   00001    0.6640   -3722.6276  0.2625 
   00002    0.6256   -4426.9503  0.2683 
   00003    0.6016   -4946.3858  0.2639 
   00004    0.5548   -5339.4863  0.2612 
   00005    0.5424   -5771.1768  0.2609 
   00006    0.5188   -6045.2575  0.2575 
   00007    0.4908   -6228.7185  0.2613 
   00008    0.5088   -6446.5511  0.2688 
   00009    0.5096   -6619.7550  0.2747 
   00010    0.4988   -6766.6060  0.2732 
   00011    0.4836   -6903.2462  0.2675 
   00012    0.4864   -6998.2073  0.2703 
   00013    0.4720   -7207.9301  0.2716 
   00014    0.4512   -7295.8991  0.2761 
   00015    0.4592   -7330.1485  0.2820 
   00016    0.4472   -7375.9476  0.2725 
   00017    0.4532   -7414.9284  0.2747 
   00018    0.4616   -7477.3430  0.2740 
   00019    0.4512   -7570.6754  0.2752 
   00020    0.4396   -7641.3664  0.2805 
   00021    0.4448   -7681.3004  0.2709 
   00022    0.4672   -7688.4649  0.2652 
   00023    0.4384   -7677.8826  0.2645 
   00024    0.4524   -7696.7468  0.2592 
   00025    0.4488   -7707.4285  0.2621 
   00026    0.4456   -7693.9237  0.2620 
   00027    0.4372   -7765.6614  0.2594 
   00028    0.4256   -7822.1778  0.2647 
   00029    0.4376   -7833.8401  0.2610 
   00030    0.4448   -7828.9750  0.2660 
   00031    0.4428   -7834.2449  0.2686 
   00032    0.4380   -7848.3676  0.2744 
   00033    0.4576   -7852.6503  0.2866 
   00034    0.4460   -7886.6301  0.2894 
   00035    0.4360   -7896.9431  0.2772 
   00036    0.4452   -7870.7402  0.2798 
   00037    0.4280   -7844.8957  0.2797 
   00038    0.4440   -7862.8671  0.2897 
   00039    0.4220   -7880.7497  0.2876 
   00040    0.4268   -7944.3839  0.2846 
   00041    0.4432   -7958.4231  0.2946 
   00042    0.4460   -7992.9095  0.3004 
   00043    0.4168   -8035.8644  0.3032 
   00044    0.4356   -8019.0297  0.3087 
   00045    0.4144   -8038.9502  0.3097 
   00046    0.4264   -8060.2853  0.3138 
   00047    0.4068   -8036.3874  0.3201 
   00048    0.4392   -8053.5811  0.3284 
   00049    0.4348   -8044.3461  0.3278 
   00050    0.4248   -8088.1903  0.3295 
   00051    0.4276   -8067.4773  0.3324 
   00052    0.4212   -8078.8307  0.3248 
   00053    0.4368   -8080.7565  0.3253 
   00054    0.4340   -8093.4883  0.3335 
   00055    0.4300   -8102.7399  0.3283 
   00056    0.4404   -8100.9959  0.3312 
   00057    0.4220   -8086.5114  0.3344 
   00058    0.4304   -8140.6034  0.3348 
   00059    0.4356   -8155.8979  0.3398 
   00060    0.4236   -8150.0621  0.3364 
   00061    0.4196   -8174.4684  0.3402 
   00062    0.4160   -8175.5014  0.3371 
   00063    0.4192   -8197.7680  0.3417 
   00064    0.4384   -8202.4563  0.3343 
   00065    0.4164   -8218.4109  0.3408 
   00066    0.4376   -8210.4466  0.3334 
   00067    0.4092   -8165.1669  0.3301 
   00068    0.4392   -8189.4906  0.3256 
   00069    0.4328   -8208.1731  0.3254 
   00070    0.4276   -8176.3070  0.3257 
   00071    0.4144   -8209.6287  0.3265 
   00072    0.4340   -8180.0891  0.3255 
   00073    0.4052   -8214.9714  0.3195 
   00074    0.4172   -8206.2328  0.3234 
   00075    0.4304   -8193.6624  0.3269 
   00076    0.4288   -8202.7593  0.3316 
   00077    0.4140   -8186.8700  0.3265 
   00078    0.4224   -8183.4299  0.3294 
   00079    0.4252   -8211.4868  0.3301 
   00080    0.4144   -8213.1580  0.3298 
   00081    0.4076   -8231.0308  0.3362 
   00082    0.4060   -8152.5126  0.3397 
   00083    0.4256   -8131.6136  0.3398 
   00084    0.4360   -8170.7985  0.3403 
   00085    0.4320   -8207.7329  0.3419 
   00086    0.4172   -8221.6636  0.3474 
   00087    0.4224   -8213.4633  0.3455 
   00088    0.4300   -8202.9499  0.3461 
   00089    0.4196   -8184.9168  0.3456 
   00090    0.4104   -8227.4204  0.3470 
   00091    0.4348   -8275.0611  0.3441 
   00092    0.4164   -8246.8446  0.3459 
   00093    0.4108   -8260.9469  0.3510 
   00094    0.4092   -8282.1665  0.3566 
   00095    0.4332   -8275.0492  0.3576 
   00096    0.4192   -8264.6784  0.3591 
   00097    0.4244   -8257.1601  0.3552 
   00098    0.4128   -8255.8464  0.3523 
   00099    0.4144   -8266.8461  0.3558 
   00100    0.4128   -8269.0812  0.3571 
   00101    0.4160   -8240.5134  0.3540 
   00102    0.4024   -8268.2030  0.3557 
   00103    0.4172   -8291.3302  0.3534 
   00104    0.4236   -8280.2443  0.3495 
   00105    0.4160   -8277.1379  0.3430 
   00106    0.4256   -8250.9704  0.3456 
   00107    0.4428   -8242.9417  0.3412 
   00108    0.4024   -8262.2369  0.3431 
   00109    0.4128   -8233.4102  0.3511 
   00110    0.4072   -8232.9091  0.3525 
   00111    0.3980   -8202.6074  0.3515 
   00112    0.4128   -8196.8209  0.3488 
   00113    0.4184   -8256.8555  0.3506 
   00114    0.4152   -8286.3770  0.3482 
   00115    0.4144   -8304.1407  0.3523 
   00116    0.4044   -8298.2325  0.3477 
   00117    0.4216   -8272.0800  0.3455 
   00118    0.4292   -8276.7230  0.3520 
   00119    0.4088   -8252.7293  0.3450 
   00120    0.4268   -8238.3322  0.3441 
   00121    0.4024   -8253.9525  0.3527 
   00122    0.4220   -8255.9162  0.3550 
   00123    0.4300   -8245.0359  0.3486 
   00124    0.4328   -8231.8275  0.3476 
   00125    0.4312   -8233.4030  0.3521 
   00126    0.4116   -8261.1507  0.3559 
   00127    0.4076   -8257.1097  0.3561 
   00128    0.4216   -8295.8736  0.3600 
   00129    0.4328   -8305.8616  0.3576 
   00130    0.4004   -8325.2898  0.3509 
   00131    0.4352   -8296.2837  0.3507 
   00132    0.4396   -8311.7359  0.3572 
   00133    0.4176   -8300.1808  0.3516 
   00134    0.4104   -8304.6519  0.3599 
   00135    0.4248   -8301.6136  0.3610 
   00136    0.4236   -8335.8595  0.3639 
   00137    0.4284   -8319.4891  0.3684 
   00138    0.4180   -8311.7472  0.3697 
   00139    0.4324   -8379.8478  0.3661 
   00140    0.4152   -8360.3449  0.3685 
   00141    0.4096   -8327.8573  0.3655 
   00142    0.4056   -8331.0780  0.3665 
   00143    0.4184   -8360.6377  0.3667 
   00144    0.4312   -8350.1979  0.3678 
   00145    0.4180   -8328.1075  0.3665 
   00146    0.4296   -8320.3950  0.3687 
   00147    0.4216   -8321.6427  0.3629 
   00148    0.4160   -8329.4110  0.3677 
   00149    0.4116   -8316.5357  0.3663 
   00150    0.4192   -8316.8232  0.3651 
   00151    0.4064   -8349.5391  0.3666 
   00152    0.4176   -8374.8235  0.3660 
   00153    0.4020   -8391.1519  0.3686 
   00154    0.4204   -8436.8310  0.3665 
   00155    0.4200   -8388.2691  0.3657 
   00156    0.4004   -8331.0057  0.3637 
   00157    0.4320   -8333.0657  0.3651 
   00158    0.4200   -8330.7732  0.3636 
   00159    0.3920   -8387.0203  0.3648 
   00160    0.4028   -8376.3594  0.3644 
   00161    0.4200   -8348.5066  0.3622 
   00162    0.4240   -8313.9301  0.3649 
   00163    0.4124   -8348.3842  0.3642 
   00164    0.4108   -8375.8087  0.3579 
   00165    0.4132   -8347.3566  0.3538 
   00166    0.4204   -8289.6263  0.3599 
   00167    0.4124   -8343.9009  0.3572 
   00168    0.4112   -8356.9755  0.3631 
   00169    0.4000   -8384.6213  0.3644 
   00170    0.4160   -8391.3923  0.3600 
   00171    0.4224   -8390.3041  0.3605 
   00172    0.4180   -8357.6463  0.3644 
   00173    0.4128   -8363.4895  0.3685 
   00174    0.4328   -8273.2629  0.3615 
   00175    0.4112   -8282.6882  0.3605 
   00176    0.4304   -8315.5369  0.3559 
   00177    0.4184   -8313.1352  0.3520 
   00178    0.4260   -8342.0215  0.3567 
   00179    0.4092   -8378.4204  0.3550 
   00180    0.4212   -8368.6871  0.3583 
   00181    0.4004   -8382.3973  0.3666 
   00182    0.4164   -8402.2956  0.3623 
   00183    0.4160   -8387.4588  0.3674 
   00184    0.4148   -8373.9101  0.3638 
   00185    0.4084   -8402.9487  0.3679 
   00186    0.4328   -8414.2877  0.3726 
   00187    0.4064   -8452.4348  0.3786 
   00188    0.4028   -8482.1510  0.3839 
   00189    0.4252   -8482.7543  0.3806 
   00190    0.4168   -8475.7265  0.3838 
   00191    0.4020   -8466.7193  0.3844 
   00192    0.4104   -8466.2067  0.3980 
   00193    0.4212   -8478.9724  0.3964 
   00194    0.4016   -8467.3455  0.4030 
   00195    0.4280   -8428.2859  0.4088 
   00196    0.4108   -8409.2907  0.4110 
   00197    0.4128   -8401.7538  0.4158 
   00198    0.4080   -8359.8576  0.4181 
   00199    0.4220   -8340.8850  0.4175 
   00200    0.4064   -8356.6515  0.4181 
